0 42
0 34
0 67
1 36
2 43
2 47
2 41
3 66
3 36
4 63
5 54
5 51
5 66
6 68
6 47
6 69
7 60
7 43
7 40
8 44
9 35
10 39
10 40
10 60
11 50
12 33
13 62
14 57
14 60
15 49
15 62
16 45
17 55
17 54
17 60
18 49
18 63
19 63
19 35
20 43
20 40
20 47
21 39
21 57
21 65
22 61
22 46
23 37
23 65
23 57
24 52
24 41
24 31
25 59
25 52
26 57
26 43
26 69
27 42
27 54
27 53
28 30
29 58
30 31
30 32
30 38
30 46
30 48
30 53
30 57
30 62
30 64
30 66
30 71
30 96
30 91
31 32
31 40
31 44
31 48
31 49
31 51
31 53
31 54
31 63
31 66
31 68
31 93
31 86
32 33
32 30
32 31
32 35
32 36
32 37
32 56
32 60
32 67
32 97
32 75
32 86
33 34
33 30
33 57
33 60
33 64
33 66
33 91
33 92
34 35
34 41
34 46
34 51
34 52
34 59
34 62
34 63
34 65
34 99
35 36
35 31
35 33
35 38
35 41
35 42
35 43
35 65
35 67
35 73
36 37
36 31
36 34
36 38
36 40
36 42
36 43
36 49
36 52
36 59
36 60
36 63
36 67
36 75
36 98
37 38
37 30
37 39
37 40
37 44
37 45
37 54
37 57
37 63
37 69
37 92
38 39
38 30
38 34
38 36
38 37
38 49
38 51
38 55
38 62
38 66
38 72
38 92
39 40
39 36
39 43
39 45
39 47
39 49
39 57
39 85
40 41
40 33
40 37
40 43
40 46
40 53
40 67
40 88
41 42
41 30
41 55
41 58
41 63
41 67
41 68
41 89
41 70
41 71
42 43
42 32
42 35
42 37
42 41
42 47
42 54
42 55
42 56
42 57
42 63
42 76
42 98
43 44
43 32
43 50
43 54
43 60
43 68
43 73
43 99
43 79
44 45
44 46
44 48
44 58
44 60
44 67
44 68
44 98
45 46
45 49
45 52
45 55
45 56
45 60
45 67
45 91
46 47
46 35
46 41
46 55
46 61
46 63
46 65
46 69
46 75
46 82
47 48
47 33
47 58
47 60
47 61
47 65
47 68
47 81
48 49
48 33
48 34
48 45
48 47
48 69
48 71
48 74
49 50
49 31
49 34
49 42
49 52
49 53
49 66
49 67
49 89
50 51
50 34
50 49
50 63
50 68
50 89
51 52
51 34
51 45
51 46
51 47
51 49
51 50
51 57
51 58
51 64
51 66
51 78
51 98
51 99
52 53
52 37
52 39
52 51
52 55
52 58
52 59
52 61
52 66
52 91
52 88
53 54
53 31
53 34
53 36
53 40
53 42
53 45
53 50
53 59
53 64
53 68
53 97
53 98
53 90
54 55
54 31
54 39
54 43
54 45
54 46
54 48
54 50
54 59
54 61
54 67
54 76
54 98
55 56
55 33
55 34
55 35
55 38
55 43
55 44
55 48
55 57
55 65
55 69
55 93
55 99
55 78
56 57
56 32
56 51
56 60
56 65
56 68
56 92
56 70
57 58
57 41
57 46
57 52
57 54
57 60
57 67
57 96
57 83
58 59
58 31
58 34
58 40
58 45
58 46
58 57
58 68
58 78
58 96
59 60
59 34
59 36
59 38
59 43
59 50
59 56
59 96
60 61
60 30
60 36
60 41
60 47
60 56
60 57
60 68
60 78
60 89
61 62
61 43
61 44
61 47
61 48
61 56
61 69
61 90
62 63
62 34
62 47
62 54
62 56
62 65
62 82
62 71
62 92
63 64
63 36
63 37
63 38
63 39
63 45
63 47
63 48
63 53
63 56
63 69
63 74
63 91
64 65
64 31
64 38
64 46
64 47
64 62
64 77
64 72
64 90
64 100
64 101
64 102
64 103
64 104
64 105
64 106
64 107
64 108
64 109
65 66
65 30
65 35
65 48
65 50
65 56
65 62
65 67
65 73
66 67
66 42
66 46
66 47
66 49
66 50
66 55
66 59
66 68
66 98
67 68
67 30
67 33
67 38
67 40
67 43
67 46
67 47
67 49
67 55
67 56
67 61
67 63
67 65
67 72
67 75
68 69
68 37
68 40
68 43
68 44
68 45
68 46
68 55
68 57
68 61
68 62
68 80
68 75
68 93
69 30
69 31
69 40
69 55
69 57
69 58
69 62
69 64
69 65
69 91
69 92
70 71
70 97
71 72
71 85
71 91
71 97
72 73
72 87
73 74
73 83
74 75
74 94
75 76
75 95
75 96
75 98
76 77
77 78
77 76
77 90
78 79
78 72
78 75
78 87
78 92
78 96
79 80
79 72
79 76
79 93
80 81
80 71
80 77
80 78
80 94
80 95
80 97
81 82
81 70
81 71
81 83
81 85
81 93
82 83
82 81
82 88
82 91
82 93
82 99
83 84
83 81
83 95
84 85
84 71
84 77
84 81
84 94
84 96
85 86
85 74
85 89
86 87
86 84
86 90
87 88
87 72
87 98
88 89
88 71
88 74
89 90
89 73
89 78
89 81
89 82
90 91
90 78
90 81
90 97
91 92
91 71
91 93
91 99
92 93
92 81
93 94
93 74
93 76
93 77
93 78
93 79
93 81
93 85
93 95
94 95
94 85
94 87
94 92
94 97
95 96
95 82
95 91
96 97
96 83
97 98
98 99
98 76
98 81
98 87
98 89
98 90
98 94
99 70
99 79
99 81
99 83
99 88
99 94
99 95
100 64
101 64
102 64
103 64
104 64
105 64
106 64
107 64
108 64
109 64
